m1=1;
m2=1;
w1=0;
w2=0;
a1=0;
a2=0;
j=.17;
c1=75;
c2=75;
cw=300;
f1=0;
f2=0;